658546.365 7166987.076 892.227 3415.3 -2242.5 IMG_5358.JPG HV05
658562.032 7166988.045 891.862 3431.2 -2762.8 IMG_5358.JPG HV06
658521.058 7166983.570 892.520 3293.2 -1296.1 IMG_5358.JPG HV08
658543.174 7166977.062 892.871 3034.8 -2167.8 IMG_5358.JPG HV09
658540.948 7166971.036 892.922 2801.6 -2108.7 IMG_5358.JPG HV11
658551.872 7166966.155 893.041 2622.3 -2506.6 IMG_5358.JPG HV13
658566.909 7166965.035 892.334 3632.5 -2380.6 IMG_5358.JPG HV14
658526.841 7166958.021 894.482 2264.1 -1630.7 IMG_5358.JPG HV15
658515.841 7166942.765 894.683 1584.3 -1227.6 IMG_5358.JPG HV18
658550.546 7166941.964 893.720 1699.3 -2537.5 IMG_5358.JPG HV19
