658551.074 7166993.038 891.713 3783.6 -1749.4 IMG_5357.JPG HV04
658546.365 7166987.076 892.227 3552.0 -1580.0 IMG_5357.JPG HV05
658562.032 7166988.045 891.862 3552.3 -2181.5 IMG_5357.JPG HV06
658580.621 7166987.568 890.855 3498.1 -2821.1 IMG_5357.JPG HV07
658521.058 7166983.570 892.520 3453.9 -498.9 IMG_5357.JPG HV08
658543.174 7166977.062 892.871 3148.0 -1478.0 IMG_5357.JPG HV09
658577.759 7166974.204 892.006 3001.8 -2761.7 IMG_5357.JPG HV10
658540.948 7166971.036 892.922 2894.4 -1397.0 IMG_5357.JPG HV11
658571.091 7166970.908 892.059 2862.0 -2536.1 IMG_5357.JPG HV12
658551.872 7166966.155 893.041 2690.5 -1844.3 IMG_5357.JPG HV13
658566.909 7166965.035 892.334 2652.9 -2411.6 IMG_5357.JPG HV14
658526.841 7166958.021 894.482 2337.3 -820.5 IMG_5357.JPG HV15
658581.160 7166956.821 892.680 2346.9 -2912.0 IMG_5357.JPG HV17
658550.546 7166941.964 893.720 1706.1 -1837.5 IMG_5357.JPG HV19
