658551.074 7166993.038 891.713 3927.4 -654.5 IMG_5356.JPG HV04
658546.365 7166987.076 892.227 3684.8 -454.7 IMG_5356.JPG HV05
658562.032 7166988.045 891.862 3677.2 -1148.6 IMG_5356.JPG HV06
658580.621 7166987.568 890.855 3593.7 -1882.2 IMG_5356.JPG HV07
658543.174 7166977.062 892.871 3242.4 -333.4 IMG_5356.JPG HV09
658577.759 7166974.204 892.006 3073.4 -1811.1 IMG_5356.JPG HV10
658540.948 7166971.036 892.922 2973.7 -243.5 IMG_5356.JPG HV11
658551.872 7166966.155 893.041 2750.4 -764.8 IMG_5356.JPG HV13
658565.252 7166958.206 892.726 2418.6 -1355.9 IMG_5356.JPG HV16
658581.160 7166956.821 892.680 2381.2 -1976.9 IMG_5356.JPG HV17
658550.546 7166941.964 893.720 1700.9 -769.2 IMG_5356.JPG HV19
