658586.168 7167009.487 890.139 1855.8 -602.3 IMG_5352.JPG HV02
658594.902 7167008.457 894.459 1894.8 -183.6 IMG_5352.JPG HV03
658551.074 7166993.038 891.713 2440.7 -2031.5 IMG_5352.JPG HV04
658546.365 7166987.076 892.227 2670.0 -2235.2 IMG_5352.JPG HV05
658562.032 7166988.045 891.862 2669.7 -1613.7 IMG_5352.JPG HV06
658580.621 7166987.568 890.855 2726.7 -853.6 IMG_5352.JPG HV07
658543.174 7166977.062 892.871 3074.6 -2389.7 IMG_5352.JPG HV09
658577.759 7166974.204 892.006 3288.8 -991.9 IMG_5352.JPG HV10
658540.948 7166971.036 892.922 3316.0 -2492.2 IMG_5352.JPG HV11
658571.091 7166970.908 892.059 3420.3 -1277.1 IMG_5352.JPG HV12
658551.872 7166966.155 893.041 3558.7 -2073.9 IMG_5352.JPG HV13
