EPSG:32722
658528.361 7167002.098 890.636 1476 140 IMG_5349.JPG HV01
658528.361 7167002.098 890.636 1094 653 IMG_5350.JPG HV01
658528.361 7167002.098 890.636 1310 1139 IMG_5351.JPG HV01
658546.365 7166987.076 892.227 1462 202 IMG_5350.JPG HV05
658546.365 7166987.076 892.227 1681 716 IMG_5351.JPG HV05
658546.365 7166987.076 892.227 1602 1341 IMG_5352.JPG HV05
658546.365 7166987.076 892.227 2211 273 IMG_5356.JPG HV05
658546.365 7166987.076 892.227 2131 948 IMG_5357.JPG HV05
658546.365 7166987.076 892.227 2049 1346 IMG_5358.JPG HV05
658580.621 7166987.568 890.855 1636 512 IMG_5352.JPG HV07
658580.621 7166987.568 890.855 1623 1070 IMG_5353.JPG HV07
658580.621 7166987.568 890.855 2073 80 IMG_5354.JPG HV07
658580.621 7166987.568 890.855 2051 696 IMG_5355.JPG HV07
658580.621 7166987.568 890.855 2156 1129 IMG_5356.JPG HV07
658580.621 7166987.568 890.855 2099 1693 IMG_5357.JPG HV07
658526.841 7166958.021 894.482 2188 683 IMG_5350.JPG HV15
658526.841 7166958.021 894.482 1402 492 IMG_5357.JPG HV15
658526.841 7166958.021 894.482 1358 978 IMG_5358.JPG HV15
658581.160 7166956.821 892.680 1267 125 IMG_5354.JPG HV17
658581.160 7166956.821 892.680 1292 747 IMG_5355.JPG HV17
658581.160 7166956.821 892.680 1429 1186 IMG_5356.JPG HV17
658581.160 7166956.821 892.680 1408 1747 IMG_5357.JPG HV17
658550.546 7166941.964 893.720 1021 462 IMG_5356.JPG HV19
658550.546 7166941.964 893.720 1024 1103 IMG_5357.JPG HV19
658550.546 7166941.964 893.720 1020 1523 IMG_5358.JPG HV19
