+proj=utm +zone=22 +south +datum=WGS84 +units=m +no_defs
658528.361 7167002.098 890.636 2460.6 233.9 IMG_5349.JPG HV01
658528.361 7167002.098 890.636 1823.5 1087.9 IMG_5350.JPG HV01
658528.361 7167002.098 890.636 2182.6 1897.9 IMG_5351.JPG HV01
658586.168 7167009.487 890.139 1855.8 602.3 IMG_5352.JPG HV02
658586.168 7167009.487 890.139 1848.0 1544.6 IMG_5353.JPG HV02
658594.902 7167008.457 894.459 1894.8 183.6 IMG_5352.JPG HV03
658594.902 7167008.457 894.459 1875.4 1196.3 IMG_5353.JPG HV03
658551.074 7166993.038 891.713 2189.3 145.4 IMG_5350.JPG HV04
658551.074 7166993.038 891.713 2554.7 1000.1 IMG_5351.JPG HV04
658551.074 7166993.038 891.713 2440.7 2031.5 IMG_5352.JPG HV04
658551.074 7166993.038 891.713 3927.4 654.5 IMG_5356.JPG HV04
658551.074 7166993.038 891.713 3783.6 1749.4 IMG_5357.JPG HV04
658546.365 7166987.076 892.227 2436.1 336.3 IMG_5350.JPG HV05
658546.365 7166987.076 892.227 2802.0 1194.1 IMG_5351.JPG HV05
658546.365 7166987.076 892.227 2670.0 2235.2 IMG_5352.JPG HV05
658546.365 7166987.076 892.227 3684.8 454.7 IMG_5356.JPG HV05
658546.365 7166987.076 892.227 3552.0 1580.0 IMG_5357.JPG HV05
658546.365 7166987.076 892.227 3415.3 2242.5 IMG_5358.JPG HV05
658562.032 7166988.045 891.862 2770.4 536.0 IMG_5351.JPG HV06
658562.032 7166988.045 891.862 2669.7 1613.7 IMG_5352.JPG HV06
658562.032 7166988.045 891.862 2670.5 2523.2 IMG_5353.JPG HV06
658562.032 7166988.045 891.862 3489.2 339.1 IMG_5355.JPG HV06
658562.032 7166988.045 891.862 3677.2 1148.6 IMG_5356.JPG HV06
658562.032 7166988.045 891.862 3552.3 2181.5 IMG_5357.JPG HV06
658562.032 7166988.045 891.862 3431.2 2762.8 IMG_5358.JPG HV06
658580.621 7166987.568 890.855 2726.7 853.6 IMG_5352.JPG HV07
658580.621 7166987.568 890.855 2704.7 1783.3 IMG_5353.JPG HV07
658580.621 7166987.568 890.855 3455.8 133.9 IMG_5354.JPG HV07
658580.621 7166987.568 890.855 3418.7 1159.8 IMG_5355.JPG HV07
658580.621 7166987.568 890.855 3593.7 1882.2 IMG_5356.JPG HV07
658580.621 7166987.568 890.855 3498.1 2821.1 IMG_5357.JPG HV07
658521.058 7166983.570 892.520 3269.4 501.5 IMG_5349.JPG HV08
658521.058 7166983.570 892.520 2568.4 1380.0 IMG_5350.JPG HV08
658521.058 7166983.570 892.520 2926.2 2210.8 IMG_5351.JPG HV08
658521.058 7166983.570 892.520 3453.9 498.9 IMG_5357.JPG HV08
658521.058 7166983.570 892.520 3293.2 1296.1 IMG_5358.JPG HV08
658543.174 7166977.062 892.871 2851.3 465.4 IMG_5350.JPG HV09
658543.174 7166977.062 892.871 3238.1 1322.7 IMG_5351.JPG HV09
658543.174 7166977.062 892.871 3074.6 2389.7 IMG_5352.JPG HV09
658543.174 7166977.062 892.871 3242.4 333.4 IMG_5356.JPG HV09
658543.174 7166977.062 892.871 3148.0 1478.0 IMG_5357.JPG HV09
658543.174 7166977.062 892.871 3034.8 2167.8 IMG_5358.JPG HV09
658577.759 7166974.204 892.006 3288.8 991.9 IMG_5352.JPG HV10
658577.759 7166974.204 892.006 3262.0 1921.7 IMG_5353.JPG HV10
658577.759 7166974.204 892.006 2880.1 1065.2 IMG_5355.JPG HV10
658577.759 7166974.204 892.006 3073.4 1811.1 IMG_5356.JPG HV10
658577.759 7166974.204 892.006 3001.8 2761.7 IMG_5357.JPG HV10
658540.948 7166971.036 892.922 3097.6 553.8 IMG_5350.JPG HV11
658540.948 7166971.036 892.922 3486.5 1413.5 IMG_5351.JPG HV11
658540.948 7166971.036 892.922 2801.6 2108.7 IMG_5352.JPG HV11
658540.948 7166971.036 892.922 3316.0 2492.2 IMG_5352.JPG HV11
658540.948 7166971.036 892.922 2973.7 243.5 IMG_5356.JPG HV11
658540.948 7166971.036 892.922 2894.4 1397.0 IMG_5357.JPG HV11
658540.948 7166971.036 892.922 2801.6 2108.7 IMG_5358.JPG HV11
658571.091 7166970.908 892.059 3420.3 1277.1 IMG_5352.JPG HV12
658571.091 7166970.908 892.059 3392.1 2197.2 IMG_5353.JPG HV12
658571.091 7166970.908 892.059 2734.2 780.2 IMG_5355.JPG HV12
658571.091 7166970.908 892.059 2862.0 2536.1 IMG_5357.JPG HV12
658551.872 7166966.155 893.041 3314.6 90.5 IMG_5350.JPG HV13
658551.872 7166966.155 893.041 3723.1 947.0 IMG_5351.JPG HV13
658551.872 7166966.155 893.041 3558.7 2073.9 IMG_5352.JPG HV13
658551.872 7166966.155 893.041 3567.3 2977.3 IMG_5353.JPG HV13
658551.872 7166966.155 893.041 2750.4 764.8 IMG_5356.JPG HV13
658551.872 7166966.155 893.041 2690.5 1844.3 IMG_5357.JPG HV13
658551.872 7166966.155 893.041 2622.3 2506.6 IMG_5358.JPG HV13
658566.909 7166965.035 892.334 3625.6 2366.3 IMG_5353.JPG HV14
658566.909 7166965.035 892.334 2488.9 608.2 IMG_5355.JPG HV14
658566.909 7166965.035 892.334 2652.9 2411.6 IMG_5357.JPG HV14
658566.909 7166965.035 892.334 3632.5 2380.6 IMG_5358.JPG HV14
658526.841 7166958.021 894.482 3646.9 1138.4 IMG_5350.JPG HV15
658526.841 7166958.021 894.482 2337.3 820.5 IMG_5357.JPG HV15
658526.841 7166958.021 894.482 2264.1 1630.7 IMG_5358.JPG HV15
658565.252 7166958.206 892.726 2187.7 539.7 IMG_5355.JPG HV16
658565.252 7166958.206 892.726 2418.6 1355.9 IMG_5356.JPG HV16
658581.160 7166956.821 892.680 2112.2 208.4 IMG_5354.JPG HV17
658581.160 7166956.821 892.680 2152.7 1244.6 IMG_5355.JPG HV17
658581.160 7166956.821 892.680 2381.2 1976.9 IMG_5356.JPG HV17
658581.160 7166956.821 892.680 2346.9 2912.0 IMG_5357.JPG HV17
658515.841 7166942.765 894.683 1584.3 1227.6 IMG_5358.JPG HV18
658550.546 7166941.964 893.720 1700.9 769.2 IMG_5356.JPG HV19
658550.546 7166941.964 893.720 1706.1 1837.5 IMG_5357.JPG HV19
658550.546 7166941.964 893.720 1699.3 2537.5 IMG_5358.JPG HV19
